1.430757047854818720e-01
-1.407746668239302057e+00
-6.141301722642285021e-01
2.393672315155483121e-02
-1.101614605861644280e+00
4.796031181186898723e-02
2.032331743150203707e+00
-1.171275411171560865e+00
3.026988633457034505e-01
1.068947381487890924e+00
6.548813768037571315e-01
-3.662467185229759115e-02
1.524901878470834804e+00
-3.305535203060232935e-02
-4.222715337830198479e-01
2.824596265620191171e-01
3.460073873567959257e-02
1.201902797663324307e+00
1.962013235656430710e-01
-1.150535397514755726e-01
-6.128509778842259337e-01
-5.215060666987169080e-01
1.351684714063341453e+00
1.691099724704004270e+00
7.949866692793601253e-01
-8.619226190870228343e-01
1.650158676305854444e+00
-2.317880338558903297e+00
9.943247540104065418e-01
-9.501253881829780923e-01
4.059920407282139321e-01
3.228304065580000493e-01
-8.050665594581373208e-01
1.267123075677645261e+00
7.685495500345325415e-02
-1.282970739151543027e+00
1.099565909458577684e+00
4.716444727229032186e-01
6.894216341851844287e-01
9.361623898243421893e-01
6.119008011779604184e-01
7.156899796256274149e-01
-2.660732010082069277e+00
-5.592301228092557697e-01
-1.704203401414827734e+00
-9.274777878459899982e-01
2.256760721907711265e+00
3.142317179863379772e-01
1.870108591357459327e+00
8.473647678686738183e-02
-1.444030250924043468e+00
-1.524824306277322017e-01
-6.899419413580598626e-01
-1.266816993908060462e+00
2.447449086802606200e+00
1.600924817413041934e+00
3.446491055366691647e-01
-1.350692226203333179e+00
-9.150730303360130047e-02
-1.564269533890047192e+00
-1.795701010890434768e-01
6.493851579469123170e-01
4.402614879973987816e-01
-6.527990631384646969e-01
1.899082058856531807e+00
-6.682412185065560450e-01
-2.634361095827968402e-01
-5.268066023889177441e-01
6.160609095245551670e-01
8.271071428273640835e-01
4.936090692313895856e-01
-1.586131125546591247e-01
5.469072269901289474e-01
1.176591782393847430e+00
3.213168432867921087e-01
6.435419664123882832e-02
1.911388871021975522e+00
-1.116835762635661977e+00
-1.506961047344035631e-01
3.236584882664088059e-01
-2.498368993946314398e-01
-8.616125758000766632e-01
-3.167220021152417075e-01
1.342014365462714132e+00
1.167914371414479763e-01
-2.340832131079289835e-01
2.242958009339060421e+00
-5.816345682019363750e-01
-2.007828407474084198e+00
2.261943299869818791e+00
7.331548139907588801e-01
-1.109691508320721054e+00
-1.123469709064043087e+00
-5.401983972711210669e-02
-2.303919051590529732e-01
-6.915610751461107597e-01
9.983779331053243000e-01
-9.137933283750105939e-01
4.501813807020094149e-02
5.686046332509785417e-01
-9.538808362733934842e-01
-5.187068186806639281e-01
2.257801793073511476e+00
-1.626305340396292376e+00
1.798833094752372297e-01
-6.918373381905057462e-01
1.730927319650596430e-01
9.372055932029167424e-01
-1.158522786043395980e+00
-8.989930389972280445e-01
1.155446669572567808e+00
7.063473664618252768e-01
2.460705207239392844e-01
-1.066140929784302305e+00
-7.286409612048830309e-02
1.023836014141416451e+00
1.142010263998441744e+00
1.947231674420858150e-01
6.775558988848620068e-01
1.555027244350955851e+00
8.345491231754353922e-02
2.440873218463456507e+00
2.450604161225871953e-03
3.564121279181477475e-01
-8.671981992875776868e-01
1.367192568712708667e+00
-4.958464793306279206e-01
2.209434876032341510e-01
6.059325702354657617e-01
-4.049864459163881047e-01
5.947705209444932306e-01
1.203022675153635701e+00
-4.106435825023628250e-01
-1.922994431012796934e-01
-8.036152721470370131e-02
2.729788091281954099e+00
-9.069790351449305010e-01
1.725527858618904897e+00
4.110893444916393080e-01
-2.895706318131207602e-01
1.229924386397282632e+00
5.705345897847687864e-01
-1.567618984917878322e+00
-1.728814767360752791e+00
2.687326381487457616e-01
2.226431474832627488e-01
1.310744637621316766e+00
5.058411637020961971e-01
1.550789467685298018e+00
8.821517574772888004e-01
-1.539173704969885259e+00
2.972090444812055754e+00
1.172779523071423746e+00
-1.464275888928606939e+00
-1.465409034798849763e+00
-2.308930794160144018e+00
-4.567086944662964720e-01
-3.166314935012402576e-01
9.672552284452543558e-01
2.028622254730179930e-01
-5.918566161552171190e-01
-1.586177321001229323e+00
-5.855136677785599542e-02
2.372790279765285837e-01
-1.522264593933143062e-01
7.064486525392851268e-01
-1.419255075135731903e-01
4.538765406417730741e-01
-2.896375431646817655e-01
1.071506283388382608e+00
-1.012538919771877266e+00
-8.028152290683148173e-01
1.616284547660447268e+00
1.401146103466181847e+00
1.123153123653344854e-01
-3.371967865119591679e-01
5.024581647679343677e-01
1.644083159694442520e+00
5.468830693071810023e-01
-3.898305334309245529e-01
-3.522600474825573480e-01
-2.274998360735674685e-01
-6.550960393009092053e-01
-5.576352858346669272e-01
-5.326133578682129555e-01
-6.747327123535790117e-01
4.364744417097680684e-01
5.039586151366864941e-01
-2.206625672574873409e+00
-1.199431991615375059e+00
2.616359839746030591e+00
8.120846025642519672e-01
6.544923732997650623e-01
1.508561149627883458e+00
-2.259530435463563414e-01
4.237722407687927184e-01
-1.657777313096197580e-01
2.570307413508307048e-01
-1.605051610533133333e-01
1.272858026534675613e+00
-3.440855921680628926e-01
-7.099421647167107885e-01
-9.889477270760546057e-01
3.046141581335744863e+00
-4.242335532563732969e-01
1.676064737212185629e-01
6.375936858564562604e-01
1.136099596435223846e+00
-1.223346238500585326e+00
3.638715041617488488e-01
7.453809379544085179e-01
-1.116409904553684468e-01
1.561982699361029958e+00
1.924929582058291233e+00
-9.933286236669341962e-01
5.378240088463334678e-02
1.188335907092759186e-01
-7.166090809505776260e-02
2.490238090880905752e-01
1.133227043758755492e+00
-2.825791904151360168e-01
-2.211178306026566176e+00
1.789840379215277069e-02
2.460520148271118090e-01
3.834365886954949065e-01
1.187737238940335782e+00
7.873121298209405650e-01
8.966099794465711703e-01
-1.450778315632164306e+00
-1.893541086598318435e+00
5.606001669728806203e-01
-3.327952436961544302e-01
-2.470451387802164583e-02
-1.562067438171962142e+00
1.395826258575871170e+00
-1.809057104098889868e+00
1.585447013839522246e+00
-1.320022960237360987e+00
1.065419508603339338e+00
-9.692689711841511180e-01
-5.917064848848473391e-01
-5.001672473989589029e-01
-3.360371710644678989e-01
-1.316193691132782950e+00
3.440567067950609653e-02
8.079994733028326159e-01
-5.181096003964593688e-01
-3.422195779024432283e-01
-4.696667140423491094e-01
1.699406461359552756e+00
-3.746005840230243189e-01
6.888108593655480894e-01
1.389787239265112051e+00
1.283895405292106107e+00
1.465861206893396551e-01
-1.350123042140767504e+00
3.273466866946057596e-01
-1.220102860667973133e+00
6.961656872911435867e-01
-1.265553914085268072e+00
-1.174902083654788404e-01
-5.589784523021067431e-01
1.572675921385420006e+00
-1.807051971715239180e-01
-1.233233543345894079e+00
4.746413627770487142e-01
-7.817858692428557577e-01
3.370232505031402481e-01
1.516704379115375693e-02
-9.405298212663737445e-01
-2.055286260157810629e-01
1.923192008054894764e+00
-1.075242366683521134e+00
-1.489411521737316502e+00
-7.127095472602428261e-01
1.039124542227227055e+00
-2.179567654687563749e+00
-1.180895756708578270e+00
1.069960850554558141e+00
4.567005837189168083e-01
5.741740088638911527e-02
-3.338418284380229029e-01
-1.017805712004899998e+00
1.776989458956980794e+00
2.237871937900307362e+00
7.839308558712980712e-01
2.554102283124352613e-01
-2.440663100486263060e-01
1.746458298922316521e-01
1.350163652779918511e-01
1.700029095606918172e+00
-2.747648195291632622e-01
5.723219382185258386e-01
1.872077539567675586e-01
2.913531025584857659e+00
5.091161759815454602e-01
-1.430189547936651651e-01
6.203909481841254348e-01
1.341080953454292013e+00
7.885576578149624538e-01
1.998435552990933006e+00
7.551913701200593243e-01
-6.389880402433283368e-01
1.321862783075731018e+00
2.693159891409178108e-01
1.400448075878100607e+00
-9.664777429736128855e-01
1.894797741903952337e+00
-9.622832115997270730e-01
9.756475701141862356e-01
-9.190447226297325800e-01
5.041139391705625750e-01
-6.606723661603108866e-01
-9.357036149237992761e-01
5.567472041749481626e-01
-9.963975002257099423e-01
-2.883387137615470719e-01
-6.710232996016106677e-01
5.308161791986150124e-01
3.061945416743923065e-01
-3.448125510756948620e-01
-6.784635056891008542e-01
-1.300033500325278868e-01
1.320911131857924303e+00
1.893081274147940252e-01
-1.117481438592605070e+00
-1.106956144345704884e-01
6.548737247253039184e-01
1.159050218337104088e+00
5.988504051772236547e-01
2.065884761634336542e+00
-7.423800418090438225e-01
2.430426108368654095e-02
1.155500557604488776e+00
-1.430492261226692818e+00
4.000418510209244327e-01
2.487300539558048307e+00
1.701843425642555419e+00
7.046969573505199591e-01
-1.370337820724865541e+00
-2.240692063397915046e+00
-4.520864421303521508e-01
-1.079166435200080015e-01
-2.137712376002329773e+00
1.497484846494602451e+00
4.259698771308692566e-01
2.591475357240199395e-01
1.304061294755729794e-01
-9.772722223843487432e-01
1.122521665981532024e+00
-1.472742272975716915e+00
2.630279323037554851e-01
-1.621722407836835966e+00
2.127425850235334925e-01
-4.035106856557074129e-01
1.365336235265632858e-01
-1.165151941620343301e+00
1.554445363180347595e-01
1.613851644196260482e+00
-1.041404876671589319e+00
5.808577196031097234e-01
-7.962319722388705445e-01
-4.891105788777413421e-01
1.052095408349686539e-01
-9.768800558784458410e-01
1.415277569909261901e+00
1.386978548852841886e+00
2.414177440757745707e-01
5.635327123324039844e-01
-2.280562491529058433e-01
-4.363223269190103504e-01
1.444261238886777043e+00
1.452721823103146903e+00
3.794195122439678047e-01
-4.611909616743832818e-01
-6.386383795835602895e-01
-4.101724933922538258e-02
2.546508861119293754e-01
-5.316502273071920248e-01
-1.556075064407180131e+00
-1.321261611256803858e+00
-3.688337930018246724e-01
-4.859870959620629649e-01
-1.171104628327066743e+00
-2.464688832099534710e-01
-1.004711380710065161e+00
1.912556321190999276e+00
6.020638127652010452e-01
-1.681345006537016129e-01
-6.370302533185742133e-01
-2.895821569410125806e-01
-6.915070813625892043e-01
1.124869142058157356e+00
-1.334959608142141096e+00
-1.564706376168336632e+00
-4.651883988664590186e-01
1.142834381165088287e+00
-7.415713420592771055e-01
2.046654885716125694e-01
4.894059180805769849e-01
1.332739530234197112e+00
4.791837191397388951e-01
1.242141548760422182e-01
5.587657988327131564e-01
-1.090590777638302145e+00
-6.402499625892285051e-01
-1.628607093502988601e+00
1.811615421034749041e-01
-4.731112925373180400e-01
-6.069614144703739944e-01
1.510751642030238262e+00
-1.055859426282314439e+00
9.016424161898221046e-01
1.222571899039914145e+00
2.185248725428172445e-01
7.506660339259254577e-01
-4.486592911316047982e-01
1.257981606531201946e+00
1.589875858542238785e+00
7.459531352581210140e-01
-2.039095010175678180e+00
-4.696986040746618518e-01
1.048729503203244817e-01
9.232717744041791796e-01
-1.151469645080846371e+00
-1.140724337923868736e+00
7.047665439556899392e-01
1.052957859334325175e+00
-1.496137599716069744e+00
4.472462469255564926e-02
-9.738170846723345209e-01
-1.281881443096070328e+00
-1.238561341830145324e+00
-7.246748549407907580e-01
-1.286086124618808446e+00
1.935425065431621405e+00
-7.772224823531307392e-01
1.159220738055410704e+00
-8.018900424276749206e-01
-7.548980751034816139e-01
2.336198735818803551e-01
3.795986814161593226e-01
-1.973943731570903803e-01
-1.164689186669111365e+00
-5.244876888893262867e-01
1.708015397381094369e-01
-8.815874869667386093e-01
7.582172502356565591e-01
-1.496937487001711142e+00
1.904245994790730867e+00
5.741053359447233495e-01
-1.545021586891693444e+00
-2.412878951595585908e-02
-7.504795606005502107e-01
-1.220154596498934874e+00
1.414455700871256050e-01
7.374264045220920716e-01
7.297383591415792514e-01
-1.188892846179188334e+00
4.561760875366440149e-01
-1.492149462551287109e-01
4.639635560736436459e-01
1.686556720584870606e+00
3.259800250625305429e-01
1.301219973169410293e+00
1.760986123965032624e-01
-2.976717379752846226e-01
-9.059428152501874942e-01
6.649121625031669813e-01
-1.325252993295944481e+00
1.119006485542403562e+00
-2.300193607287099873e+00
-2.975298140126236834e-01
1.982387722590825685e-01
-1.214406507848835526e+00
-6.998746408414058262e-01
1.439743862354475823e+00
-4.041670963882055267e-01
-1.359048963063978155e+00
5.020679713736886374e-01
1.946570631761881942e-01
-1.150632317072790789e+00
-1.397475353636607132e+00
-2.573770212961127957e+00
8.662197414358966396e-01
-9.927268603489864951e-01
1.389167056921664312e+00
-5.002134633733660296e-01
6.398914979487034804e-01
4.320643736332741569e-01
1.693913444259431689e+00
-1.205045980520886850e+00
-4.238253124284688589e+00
6.328965955767862361e-01
-1.437247257891189234e+00
7.045304478848940510e-02
-9.180354140389093143e-01
2.398111035787251932e+00
3.097667516760593820e-01
-1.357802413283996645e-01
-1.360109727338847829e+00
-6.481954710555903887e-01
1.008346465687962379e+00
-8.438514912299781567e-01
3.086588588046015880e-01
3.769046008625019373e-01
-4.024573858333638232e-02
7.168270394346336616e-01
-3.087978963856060077e-01
8.523589993461768710e-01
-2.597290624205715881e-01
8.883231325478004869e-01
-1.099507558485494751e+00
-5.023195838896924448e-01
5.183200124780629192e-01
-6.830823448270025855e-01
-3.800810453498423280e-01
1.118289446197734849e+00
7.253575766690829596e-01
-6.070373129347901298e-01
-4.423149761506523989e-03
1.796163808397778783e-01
-1.481209424869977642e+00
8.788823037308467478e-01
-6.990927266771359561e-01
-3.378083981146762227e-01
5.372813546420479591e-01
1.385861402073438553e+00
1.289039052587584777e+00
-2.978066063717160206e-01
-1.051410892666338803e+00
5.940672819409341388e-02
-4.477806886140569542e-01
-3.049444538812017824e-01
-5.150179263446880151e-01
9.599772900760987493e-02
-1.179125582428228597e-01
1.592837970379992640e+00
-1.732977557320946327e-01
-6.559573984906179600e-01
4.062912186871727171e-01
-1.019857273915323992e+00
-1.575859594371082473e+00
-3.032752387646485137e-01
-1.052181545285817643e+00
-3.727605534340298066e-01
6.536592483581511459e-01
1.785056272329064164e+00
-5.195044826895228729e-02
-1.335064688099632191e+00
-1.460551633724875176e+00
9.532908634088979594e-02
-1.529527396063913081e+00
-2.853414575719321819e-02
6.020134146407087883e-01
-3.874555349894808209e-01
5.720376524190329270e-01
-1.172642015664723925e+00
6.589758866012687122e-01
-2.488980643109045821e-01
5.962430180412058300e-01
-1.116214952253933301e+00
9.635372315578253355e-01
2.228992156039852901e+00
-3.609073599933360632e-01
-7.785809164237892377e-01
1.896159624551983780e-01
1.768231933183994409e+00
-3.485960819219399154e-01
-7.945944619635408879e-01
9.434715205359369694e-01
-1.099652073984982881e+00
2.941767818028662718e-01
-2.396563808434344078e-01
-1.315455142929440546e+00
5.306026773438374811e-01
6.278521778466035208e-01
1.384327829677857835e+00
-1.029058003802355570e+00
-5.562115332754178354e-01
-7.641039879417109715e-01
4.531595947222388093e-02
-7.690200721511341042e-01
-2.222480807267063485e-01
-1.130721477263724406e+00
-1.495112862370959306e+00
2.943763904695008371e+00
4.016767806429641929e-01
6.001876204539058346e-01
-2.573806523270849578e-01
-1.647163449895713727e+00
9.916281689685746414e-01
6.729974254551708557e-02
6.276634213869444201e-01
8.824954388967356511e-01
2.506145823028824160e-01
-1.233450506509495170e+00
-5.698219177021481840e-01
9.010798423287479375e-01
-3.402318612245425755e-01
1.541386408252050533e+00
-3.207151518969572623e-01
-1.315012018404308369e+00
1.309165862932013980e+00
-6.633675903094511661e-02
-5.356571318652049440e-02
1.229314440285989463e+00
5.525278934647401829e-01
9.725140489441473912e-01
1.605967382797550760e-02
-8.452167748009716819e-01
-3.212528487867126192e-01
-1.930943648420603065e+00
-3.564042111701359872e-01
-5.932996359978989220e-01
-8.098239354438913074e-01
7.498597780298486004e-01
7.093360763860113716e-01
5.959766886699355837e-01
-5.031098349016510651e-01
7.211395296212329553e-01
-1.262947374973750092e+00
-1.592586460288382133e+00
1.803098867418934992e+00
2.194386635834967070e+00
-2.244123677828385455e-01
-6.910411821112489861e-01
-3.348671270907314090e-01
6.736907586733849040e-01
-1.964632247413797606e+00
3.047666876374762190e-01
7.216268107894702188e-02
-1.377325455668755749e+00
-2.278806458604412999e+00
-6.783315013585555775e-01
-6.720409125247994719e-01
5.048561483691329371e-02
1.883676233302386815e-01
9.610951563875935744e-01
2.007237539982766328e-01
1.718475335266050230e+00
-5.199121687787556789e-01
9.140785002526211622e-01
9.085367553228059778e-01
3.637209844760874167e-01
1.178525495780148313e+00
9.677929626234533789e-01
-1.130983046101369238e-01
4.008649107940910339e-01
-6.782200563341358457e-01
-5.007361089686173106e-01
9.075332857055297131e-01
-2.134987858054082643e-01
-1.088837848779647732e+00
5.302772933900060659e-01
9.842953184914632336e-01
-1.304079236450753188e+00
2.955629691789985802e+00
2.607363703038830804e-01
-1.032427872310672304e-02
2.930684110223049088e-01
-1.423548061169335188e-01
4.950299744081001485e-01
1.952784482544790701e-01
2.157558827395253509e+00
-3.471337035127330939e-01
1.348358192371796882e+00
-6.205654503950608358e-01
-4.844511378395960910e-01
-9.385205835600375357e-01
-6.430405524851338095e-01
-6.769647357019295542e-02
4.941639891912472660e-01
-7.192928001624826484e-02
1.073262030178507631e+00
-7.332283028882395914e-01
3.171271006052951980e-01
5.333332688920514597e-01
1.228385985092588673e+00
-1.202614870727702012e+00
4.677284777948267219e-02
-9.264909687638981373e-01
4.225297022099946398e-01
1.832339670306607979e-02
-2.331691524071993482e-01
7.052409774021015654e-01
6.397058683580347793e-02
2.318994946636977694e+00
3.674362661426047172e-01
-7.579525426885153072e-02
1.058638591832555265e-01
-1.434999388567521905e-01
1.888460828554223481e+00
-4.685024631981880572e-01
5.191683803275109338e-02
2.105255293657168014e+00
5.594081985363468235e-01
-7.760331414422658725e-01
4.365933152134926498e-01
-1.571564380895127122e-01
1.340508801396971705e+00
-2.101908656663478148e+00
1.786457732180915858e+00
-1.850604115813787365e+00
4.558169562667134800e-01
4.673364521972070973e-01
-8.986801520130316412e-01
1.035936849795643155e+00
-1.190600670050122156e+00
1.872810458548900048e+00
-2.620559237524872631e-01
-7.920172299308706476e-01
-9.279977806704056142e-01
2.152893924762357081e+00
7.893572216167188405e-01
4.748942361324610673e-01
-1.544990705225209648e+00
2.165108640475263968e-01
2.587711689474599397e-01
-2.620812824460789781e-01
7.426167867913012754e-01
-7.388766980942835794e-01
-1.013697737071748595e+00
-8.587025846618910607e-02
1.686943586158373032e+00
1.591432023520322092e+00
4.202541918017721478e-01
-3.244978009621257153e-01
3.259654312298171930e-01
-5.572526989437637246e-02
6.315931860397369091e-01
-5.790887062330873913e-01
-8.295318191794153195e-01
-1.713159919021120525e-01
2.077872495848614720e-01
7.688877468364413437e-01
-1.023126484581632578e+00
-3.367027464024116568e-01
7.962203685849920110e-01
6.017452443183065602e-01
1.390065646390189924e+00
-5.743347366005562282e-01
-7.587685568322061203e-01
5.940976546645406753e-01
4.060518081732444884e-01
-6.255421841697782481e-01
2.234871971037578064e-01
-8.980436237449167525e-01
4.628641151302042012e-01
-2.774028847684130092e-02
8.280502056772576225e-01
1.687701205836550089e-01
3.533083794425005975e-01
-9.226203750664926928e-02
-2.090116715593446362e+00
-3.795009020655036314e-01
3.267949182805514052e-01
5.480866034345834858e-01
-1.585062893519715299e+00
1.725159402366021943e+00
6.181633126985277560e-01
1.291442463372515004e+00
-1.253948352363841057e+00
-1.382871427672311970e+00
-5.671558427778444766e-01
-4.025000388515329597e-01
1.434896132842669481e+00
-2.420257984414712904e-01
7.225850697883275942e-01
-1.470107714031998025e+00
-1.145247491159099962e+00
1.163792397058710737e+00
9.698970678943493740e-01
1.521154263568270104e-01
4.950499858100377848e-01
-2.206318718365163911e-01
-9.578675797916808010e-01
2.765629134847227832e-01
-7.240744111242892744e-01
9.953255930048735545e-01
-1.072220944852330771e+00
1.070940309910616728e+00
3.645544660263100867e-01
1.364844955264509774e-01
-4.338050524860325718e-01
-1.703091180370263080e-01
5.149079557694509202e-01
-1.141210661011489297e-01
8.111830820250487406e-01
-2.089022608204017306e+00
-1.739256809690830963e+00
1.439538357756159070e-01
-5.250785024589040839e-01
1.261463784057334614e+00
-1.010399297544016584e+00
-3.364236399268196176e-01
-3.032798005392221552e-01
-7.880134798746925018e-01
-1.959211980196869096e-01
-9.862954242385817416e-01
-5.750596532423063456e-01
1.458440384861645844e+00
4.877988385158462531e-02
4.203151615159558263e-01
-1.319757448982120440e+00
5.571016806570656676e-01
1.441146830173210880e+00
-7.577084767991910663e-01
-2.808332853126691564e-01
-1.604958244582950500e-01
-1.507429752768323583e+00
-8.866447905981915401e-02
-3.748569910330153965e-01
-1.768880583967234355e+00
2.477891081159188658e-01
-5.683113968628815682e-01
-5.490403794897292800e-01
1.580528561063220330e-02
5.560158631747740277e-01
-2.056167506657588517e-01
-9.304682195275174594e-01
-3.891732083792175945e-01
1.779920163865693183e+00
-7.835440766463669382e-01
-3.833182517548189283e-01
-9.489638483413000147e-02
1.895604581724531945e+00
1.109583260967370144e+00
-7.059207454924781855e-01
1.030543380808012666e+00
-5.831361762340617760e-01
1.100334933428214201e+00
-3.558485380819791793e-02
-2.271767629274895894e-01
2.136357225866237997e+00
1.024786898532913826e+00
4.063935687118054307e-01
9.897131276788753151e-01
1.549146247970937917e+00
-9.802930537080543072e-01
-3.010090927635608593e-01
-4.863093440235493614e-01
5.230341014634607433e-01
-1.072125705025684494e+00
5.094533727226410180e-01
-1.565982858211037332e+00
1.011871102489062119e-01
1.665146013365544464e+00
3.261843147472182070e-01
1.505488651548871459e+00
9.293170678805977580e-01
2.197104010948482400e-01
1.692474851531790447e+00
8.046047631667126998e-01
-1.008059308360806261e+00
-1.177273943590147809e+00
4.865373224596227231e-01
1.473248734013786310e+00
6.341580399122145328e-01
-1.643697284415690296e+00
-1.734971920785801425e+00
1.234226707604532958e-01
-1.092438986171839099e+00
8.071838390438095256e-01
7.653661601120673730e-01
2.949421484800006099e-01
-4.464576895019500280e-01
8.378679511243589118e-02
-2.380543730265154978e-01
8.921970915554355841e-02
7.224660073377217051e-01
-2.719402819657608994e+00
2.721725157967540554e-01
1.543823200453103395e+00
1.153544729348739306e+00
4.163390815686429103e-01
-1.494320598722943094e+00
-1.644832532703760730e+00
1.212197022210848019e+00
7.193611208203831708e-02
-4.125835814105300869e-01
1.814725762762246841e+00
7.484792294487112585e-01
7.049617984673896276e-02
7.968273630988728096e-01
2.197003171189663373e+00
3.798576173994746563e-01
-2.413172592770318758e-01
-1.124314811619476329e+00
2.531574325557928162e-02
-2.594298299684134543e-02
1.024628268731478720e+00
-1.548031943232902330e-01
-1.737057797942699044e-01
-1.705810055153175631e+00
-1.506773448016941463e-01
-1.464308796906254040e+00
-1.110478169076815291e+00
4.388472694716434863e-01
7.858372953523941051e-01
-1.584806120103902538e+00
3.804887231532144698e-01
-6.271293873258075857e-01
8.742731713348890210e-01
5.798128076068516101e-01
-1.039483611316765366e+00
6.867636372865641992e-01
1.366870180696882819e+00
-1.680749628183055566e-01
8.082343734358725384e-02
4.993609892175292497e-01
1.751071323634712629e+00
1.052075687998441422e+00
5.538032673773695125e-01
-2.016842152405895483e+00
-1.255529150429229857e+00
1.158715360276795892e+00
-1.668080302645977842e+00
-5.252594980374818423e-01
-3.404845470084864600e-01
3.977565012721847593e-01
-2.645354430782042021e-01
-7.065087754748543558e-01
1.617615747284784744e+00
-1.449107151211243449e+00
8.817329899475050414e-01
9.027823727743722326e-01
3.534790603717262170e-01
-1.151600781720600875e-01
-1.818203158155658583e+00
2.955326120945096502e-01
8.610751782188452719e-01
3.365477796271395539e-01
3.908610649242751922e-01
5.329318667468898596e-01
6.076922452204727709e-02
4.986238918859371427e-01
3.858423543960421420e-01
2.242818704192700019e-01
-4.674552559337068480e-01
3.656416425467903797e-01
-1.037273339112267045e+00
-1.530529456826554391e+00
1.976999698471610056e+00
2.980062275023650509e-01
-7.776215370521422088e-02
1.377775202691669865e+00
-2.056828705443846106e-01
-7.957359370463706894e-01
-7.938094476517510989e-01
3.272290834699290718e-01
1.552457914046073029e+00
-4.958029994150504882e-02
-4.711165292979059838e-01
4.377762186809637246e-01
4.494299752955893124e-01
-1.933737392864174343e+00
7.275359089848218996e-01
-1.764506052303062678e+00
-1.216580002895262663e-01
1.733564446082708210e+00
9.385382931570867004e-01
-2.470481111808945085e-01
6.001052335356190648e-01
-3.667925162959219110e-01
7.225009784195591811e-01
-8.415649010270397357e-01
9.180568629141185877e-01
-1.228893122995692727e-01
-9.104932408829724544e-02
-7.973639008604991307e-01
-1.187650486767170138e-01
-1.257657639013832318e+00
9.668307148007818652e-01
-4.694689250400332914e-01
2.682935449861746646e-02
-6.663552874142363303e-01
-4.672291439092154941e-01
-2.973596253500072201e-02
5.945901195986478260e-01
8.459254902986984570e-01
-1.182654105073288608e+00
-1.454588128600166064e-01
1.304274377162159881e+00
-1.052612075435289896e+00
-1.467956660110744105e-01
1.257293833054711429e+00
-8.481630361598962997e-01
4.344640560672712870e-01
1.239693736902098831e+00
-7.613230771064610769e-01
1.078559217454579056e+00
-5.902727201586710493e-01
1.862629548206070629e-01
4.458949832065602359e-01
-1.259733988929170601e-01
1.284153600752857338e+00
1.203297207417569764e-01
5.595624518852601037e-01
1.062009358171167150e+00
